*** EDFA_2_2_STG SEM VOA***
maxGain = [0.03914833068847874, 27.817329354849168, 19.920012447816983]
adgc = [0.03914833068847874, 27.817329354849168, 19.920012447816983]
ashb = [0.04421615600586441, 27.522831250095198, 20.359338714966466]
lossComp = [0.27108383178710754, 21.22942691125139, 21.114314763543458]

*** EDFA_2_2_STG COM VOA***
maxGain = [0.0773391723632775, 25.833570400016054, 24.608627752739675]
adgc = [0.0773391723632775, 25.833570400016054, 24.608627752739675]
ashb = [0.10101699829101937, 24.96839340796512, 24.200772088422646]
lossComp = [0.27108383178710754, 21.22942691125139, 21.114314763543458]

*** EDFA_1_STG SEM VOA***
maxGain = [13.0938549041748, 25.80701799730836, 20.827602316706248]
adgc = [13.0938549041748, 25.80701799730836, 20.827602316706248]
ashb = [14.223958969116218, 23.120611514010776, 22.815980275684606]
lossComp = [17.498676300048825, 20.656265017165243, 20.5767313049875]

*** EDFA_1_STG COM VOA***
maxGain = [4.93381309509277, 25.943655095174126, 24.92082548970012]
adgc = [4.93381309509277, 25.943655095174126, 24.92082548970012]
ashb = [8.738229751586903, 24.363480874750195, 24.053976756380504]
lossComp = [17.498676300048825, 20.656265017165243, 20.5767313049875]